function K_e = plateStiffness(a_e,b_e,h_e,E_e,nu_e)
%plateStiffness
%    K_e = plateStiffness(A_E,B_E,H_E,E_e,NU_E)

%    This function was generated by the Symbolic Math Toolbox version 9.3.
%    24-Dec-2025 11:51:34

t2 = a_e.^2;
t3 = b_e.^2;
t4 = h_e.^3;
t5 = nu_e.^2;
t6 = 1.0./a_e;
t10 = 1.0./b_e;
t7 = 1.0./t2;
t8 = t6.^3;
t11 = 1.0./t3;
t12 = t10.^3;
t14 = t5.*2.4e+1;
t58 = (nu_e.*t6.*t10)./5.0;
t61 = (t6.*t10)./2.5e+1;
t67 = nu_e.*t6.*t10.*(1.2e+1./5.0);
t9 = t7.^2;
t13 = t11.^2;
t15 = t7.*(4.0./2.5e+1);
t16 = t11.*(4.0./2.5e+1);
t17 = t7.*(1.6e+1./2.5e+1);
t18 = t7.*(1.8e+1./3.5e+1);
t19 = t8.*(2.7e+1./3.5e+1);
t21 = t7.*(3.6e+1./3.5e+1);
t22 = t7.*(5.2e+1./3.5e+1);
t23 = t11.*(1.6e+1./2.5e+1);
t24 = t11.*(1.8e+1./3.5e+1);
t25 = t12.*(2.7e+1./3.5e+1);
t27 = t11.*(3.6e+1./3.5e+1);
t28 = t11.*(5.2e+1./3.5e+1);
t29 = t14-2.4e+1;
t34 = t8.*(7.8e+1./3.5e+1);
t36 = t7.*(1.04e+2./3.5e+1);
t41 = t12.*(7.8e+1./3.5e+1);
t43 = t11.*(1.04e+2./3.5e+1);
t44 = a_e.*t12.*(1.3e+1./3.5e+1);
t45 = b_e.*t8.*(1.3e+1./3.5e+1);
t48 = a_e.*t12.*(2.2e+1./3.5e+1);
t49 = b_e.*t8.*(2.2e+1./3.5e+1);
t59 = nu_e.*t6.*t11.*(6.0./5.0);
t60 = nu_e.*t7.*t10.*(6.0./5.0);
t62 = t6.*t11.*(6.0./2.5e+1);
t63 = t7.*t10.*(6.0./2.5e+1);
t68 = -t61;
t71 = t7.*t11.*(3.6e+1./2.5e+1);
t20 = t9.*(2.7e+1./3.5e+1);
t26 = t13.*(2.7e+1./3.5e+1);
t30 = -t19;
t32 = -t21;
t33 = -t22;
t35 = t9.*(7.8e+1./3.5e+1);
t37 = -t25;
t39 = -t27;
t40 = -t28;
t42 = t13.*(7.8e+1./3.5e+1);
t46 = a_e.*t13.*(1.3e+1./3.5e+1);
t47 = b_e.*t9.*(1.3e+1./3.5e+1);
t50 = a_e.*t13.*(2.2e+1./3.5e+1);
t51 = b_e.*t9.*(2.2e+1./3.5e+1);
t52 = -t44;
t53 = -t45;
t56 = t2.*t13.*(6.0./3.5e+1);
t57 = t3.*t9.*(6.0./3.5e+1);
t64 = t2.*t13.*(8.0./3.5e+1);
t65 = t3.*t9.*(8.0./3.5e+1);
t66 = 1.0./t29;
t69 = -t62;
t70 = -t63;
t72 = -t71;
t84 = t44+t45+t68;
t96 = t48+t49+t61+t67;
t31 = -t20;
t38 = -t26;
t54 = -t46;
t55 = -t47;
t73 = t15+t24+t57;
t74 = t16+t18+t56;
t75 = t15+t40+t57;
t76 = t16+t33+t56;
t77 = t17+t39+t65;
t78 = t23+t32+t64;
t79 = t17+t43+t65;
t80 = t23+t36+t64;
t81 = t20+t26+t72;
t82 = t19+t46+t69;
t83 = t25+t47+t70;
t87 = t35+t42+t71;
t90 = t30+t50+t59+t62;
t91 = t34+t50+t59+t62;
t92 = t37+t51+t60+t63;
t93 = t41+t51+t60+t63;
t94 = t49+t52+t58+t61;
t95 = t48+t53+t58+t61;
t112 = E_e.*a_e.*b_e.*t4.*t66.*t84;
t130 = E_e.*a_e.*b_e.*t4.*t66.*t96;
t85 = t31+t42+t71;
t86 = t35+t38+t71;
t88 = t34+t54+t62;
t89 = t41+t55+t63;
t97 = E_e.*a_e.*b_e.*t4.*t66.*t73;
t98 = E_e.*a_e.*b_e.*t4.*t66.*t74;
t99 = E_e.*a_e.*b_e.*t4.*t66.*t75;
t100 = E_e.*a_e.*b_e.*t4.*t66.*t76;
t103 = E_e.*a_e.*b_e.*t4.*t66.*t77;
t104 = E_e.*a_e.*b_e.*t4.*t66.*t78;
t105 = E_e.*a_e.*b_e.*t4.*t66.*t79;
t106 = E_e.*a_e.*b_e.*t4.*t66.*t80;
t107 = E_e.*a_e.*b_e.*t4.*t66.*t82;
t108 = E_e.*a_e.*b_e.*t4.*t66.*t83;
t109 = E_e.*a_e.*b_e.*t4.*t66.*t81;
t117 = E_e.*a_e.*b_e.*t4.*t66.*t87;
t122 = -t112;
t124 = E_e.*a_e.*b_e.*t4.*t66.*t90;
t125 = E_e.*a_e.*b_e.*t4.*t66.*t91;
t126 = E_e.*a_e.*b_e.*t4.*t66.*t92;
t127 = E_e.*a_e.*b_e.*t4.*t66.*t93;
t128 = E_e.*a_e.*b_e.*t4.*t66.*t94;
t129 = E_e.*a_e.*b_e.*t4.*t66.*t95;
t137 = -t130;
t101 = -t97;
t102 = -t98;
t110 = E_e.*a_e.*b_e.*t4.*t66.*t88;
t111 = E_e.*a_e.*b_e.*t4.*t66.*t89;
t113 = -t105;
t114 = -t106;
t115 = E_e.*a_e.*b_e.*t4.*t66.*t85;
t116 = E_e.*a_e.*b_e.*t4.*t66.*t86;
t118 = -t107;
t119 = -t108;
t123 = -t117;
t131 = -t124;
t132 = -t125;
t133 = -t126;
t134 = -t127;
t135 = -t128;
t136 = -t129;
t120 = -t110;
t121 = -t111;
K_e = reshape([t123,t134,t125,t116,t126,t110,t109,t119,t107,t115,t121,t131,t134,t113,t130,t126,t103,t128,t108,t101,t112,t111,t99,t136,t125,t130,t114,t120,t135,t100,t118,t112,t102,t131,t129,t104,t116,t126,t120,t123,t134,t132,t115,t121,t124,t109,t119,t118,t126,t103,t135,t134,t113,t137,t111,t99,t129,t108,t101,t122,t110,t128,t100,t132,t137,t114,t124,t136,t104,t107,t122,t102,t109,t108,t118,t115,t111,t124,t123,t127,t132,t116,t133,t120,t119,t101,t112,t121,t99,t136,t127,t113,t130,t133,t103,t128,t107,t112,t102,t124,t129,t104,t132,t130,t114,t110,t135,t100,t115,t111,t131,t109,t108,t107,t116,t133,t110,t123,t127,t125,t121,t99,t129,t119,t101,t122,t133,t103,t135,t127,t113,t137,t131,t136,t104,t118,t122,t102,t120,t128,t100,t125,t137,t114],[12,12]);
end
